select datediff(createdOn, modifiedOn) from AddressBook;                                                                               
+---------------------------------+
| datediff(createdOn, modifiedOn) |
+---------------------------------+
|                             -18 |
|                             477 |
|                             -43 |
|                             177 |
|                             447 |
|                             -53 |
|                             -28 |
|                             523 |
|                            -305 |
|                              13 |
|                            -446 |
|                             -57 |
|                             651 |
|                             684 |
|                             391 |
|                             -43 |
|                             407 |
|                             576 |
|                             185 |
|                             189 |
|                             -12 |
|                             258 |
|                             410 |
|                            -212 |
|                             430 |
|                             554 |
|                            -347 |
|                            -474 |
|                            -286 |
|                            -259 |
|                            -521 |
|                             285 |
|                             228 |
|                            -277 |
|                            -207 |
|                            -444 |
|                             274 |
|                            -359 |
|                             288 |
|                             414 |
|                             179 |
|                              47 |
|                             251 |
|                             -60 |
|                             -81 |
|                              73 |
|                             353 |
|                             137 |
|                             225 |
|                             100 |
|                             422 |
|                            -606 |
|                             -44 |
|                              19 |
|                            -111 |
|                             199 |
|                            -157 |
|                            -307 |
|                            -149 |
|                              35 |
|                              44 |
|                             -99 |
|                             -16 |
|                            -326 |
|                             -35 |
|                             289 |
|                            -281 |
|                             491 |
|                            -455 |
|                              10 |
|                            -147 |
|                            -125 |
|                             -17 |
|                            -656 |
|                               0 |
|                              68 |
|                            -217 |
|                             277 |
|                            -554 |
|                             314 |
|                             -94 |
|                              12 |
|                             411 |
|                            -293 |
|                            -108 |
|                              83 |
|                            -628 |
|                             141 |
|                            -343 |
|                             -71 |
|                            -109 |
|                            -384 |
|                            -164 |
|                             311 |
|                             -38 |
|                             196 |
|                             -61 |
|                            -389 |
|                             -50 |
|                             427 |
|                            -252 |
|                             -67 |
|                             330 |
|                            -117 |
|                            -558 |
|                              -1 |
|                            -517 |
|                            -138 |
|                             -34 |
|                              37 |
|                             111 |
|                            -563 |
|                              -5 |
|                            -698 |
|                             -74 |
|                             318 |
|                             250 |
|                             104 |
|                            -117 |
|                             -16 |
|                            -174 |
|                            -211 |
|                            -291 |
|                             419 |
|                             249 |
|                             -88 |
|                             289 |
|                            -230 |
|                             -81 |
|                             182 |
|                            -106 |
|                             -87 |
|                            -548 |
|                             353 |
|                            -117 |
|                               3 |
|                             -87 |
|                             256 |
|                            -371 |
|                             238 |
|                            -200 |
|                             192 |
|                            -344 |
|                             251 |
|                             206 |
|                              35 |
|                            -216 |
|                             -52 |
|                             609 |
|                            -507 |
|                            -214 |
|                             203 |
|                            -423 |
|                            -223 |
|                             311 |
|                             365 |
|                             385 |
|                            -158 |
|                              89 |
|                             207 |
|                             193 |
|                            -332 |
|                             426 |
|                             -57 |
|                            -443 |
|                             337 |
|                              96 |
|                            -228 |
|                            -121 |
|                             -14 |
|                             215 |
|                             -57 |
|                             203 |
|                            -609 |
|                            -142 |
|                             374 |
|                            -521 |
|                             215 |
|                             124 |
|                             -15 |
|                             126 |
|                            -664 |
|                             -46 |
|                             268 |
|                             145 |
|                             -98 |
|                             134 |
|                              95 |
|                             -22 |
|                            -278 |
|                             -62 |
|                             124 |
|                            -464 |
|                             261 |
|                             416 |
|                             396 |
|                            -205 |
|                             408 |
|                            -200 |
|                            -178 |
|                             -96 |
|                             224 |
|                            -186 |
|                            -248 |
|                            -311 |
|                            -178 |
|                            -100 |
|                             213 |
|                            -133 |
|                            -171 |
|                             -24 |
|                             132 |
|                             306 |
|                             -85 |
|                            -390 |
|                             -67 |
|                            -288 |
|                            -173 |
|                              81 |
|                            -297 |
|                            -315 |
|                             538 |
|                            -638 |
|                             -72 |
|                              75 |
|                             161 |
|                             130 |
|                             102 |
|                             -42 |
|                             281 |
|                            -199 |
|                              36 |
|                              45 |
|                              81 |
|                             -89 |
|                              29 |
|                             233 |
|                            -516 |
|                             291 |
|                             108 |
|                             350 |
|                             -51 |
|                            -605 |
|                               7 |
|                            -236 |
|                             687 |
|                             269 |
|                             352 |
|                            -350 |
|                            -444 |
|                            -325 |
|                             -32 |
|                              82 |
|                             115 |
|                            -506 |
|                            -105 |
|                              80 |
|                             273 |
|                            -586 |
|                              17 |
|                            -208 |
|                            -425 |
|                             331 |
|                             333 |
|                             344 |
|                             499 |
|                             312 |
|                              57 |
|                             173 |
|                             160 |
|                             406 |
|                            -623 |
|                             357 |
|                            -443 |
|                             368 |
|                             234 |
|                             -64 |
|                             -31 |
|                             -53 |
|                             249 |
|                             282 |
|                             188 |
|                             -20 |
|                             338 |
|                             154 |
|                            -110 |
|                            -140 |
|                             153 |
|                            -238 |
|                             401 |
|                            -311 |
|                             241 |
|                            -133 |
|                            -129 |
|                             408 |
|                             214 |
|                            -273 |
|                             236 |
|                              17 |
|                             141 |
|                             453 |
|                            -439 |
|                             -53 |
|                            -245 |
|                             192 |
|                            -128 |
|                             -81 |
|                             321 |
|                             591 |
|                             284 |
|                              74 |
|                             309 |
|                            -353 |
|                             230 |
|                             253 |
|                             -77 |
+---------------------------------+